0.31725989888489875
0.3446731594794093
0.3535277651055567
0.37193457267748553
0.3735296415084577
0.33676923076923065
0.3772485793485791
0.36853051061956626
0.3126892804698973
0.2934918437482102
0.24437046289493042
0.20462991640015726
0.1768480345774197
0.1229598565421717
0.10321014177978888
0.07947411968562407
0.047366662207357885
0.024139972663072343
0.03128222466740016
0.03158488529014844
0.007621638174329324
0.019273490356873337
0.06285997922588317
0.14955782448354116
0.24148898409674477
0.3248888958753222
0.37537844714777535
0.42549091305844916
0.47250288149087816
0.504346048200105
0.5064336731586507
0.5275084635633426
0.533694952702461
0.5304481085566313
0.5181943975773512
0.49835435177562715
0.44748329846005924
0.3613768484297072
0.2206401970621183
0.07791199617195553
0.1563247950019524
0.16035197452229313
0.24981984985412342
0.2698546415626255
0.2998539863697127
0.3518230214830206
0.35834192290121814
0.3727429227941165
0.3848981263661898
0.3871719442816249
0.36843241166925955
0.39647778413104046
0.37699628658802836
0.3946647413793089
0.37344069393306006
0.37106121695112243
0.3503932565087481
0.34501647361647253
0.3418207237909758
0.321750960340033
