0.00848179296069183
0.00848179296069183
0.00861749444103722
0.00861749444103722
0.00861749444103722
0.00861749444103722
0.00861749444103722
0.00861749444103722
0.00861749444103722
0.00861749444103722
0.00861749444103722
0.00861749444103722
0.00861749444103722
0.00861749444103722
0.00861749444103722
0.00861749444103722
0.00861749444103722
0.00861749444103722
0.00861749444103722
0.00861749444103722
0.00861749444103722
0.00861749444103722
0.0086175327802217
0.0086175327802217
0.0086175327802217
0.0086175327802217
0.00161565818742721
0.00861749444103722
0.00861749444103722
0.00861749444103722
0.00861749444103722
0.00861749444103722
0.00861749444103722
0.00861749444103722
0.00861749444103722
0.00861749444103722
0.00861749444103722
0.00861749444103722
0.00861749444103722
0.00861749444103722
0.00861749444103722
0.00861749444103722
0.00861749444103722
0.00861749444103722
0.00861749444103722
0.00861749444103722
0.00861749444103722
0.0086175327802217
0.0086175327802217
0.0086175327802217
0.0086175327802217
0.00861749444103722
0.00861749444103722
0.00861749444103722
0.00861749444103722
0.00861749444103722
0.00861749444103722
0.00861749444103722
0.00861749444103722
0.00861749444103722
0.00861749444103722
0.00861749444103722
0.00861749444103722
0.00861749444103722
0.00861749444103722
0.00861749444103722
0.00861749444103722
0.00861749444103722
0.00861749444103722
0.00861749444103722
0.00861749444103722
0.0086175327802217
0.0086175327802217
0.0086175327802217
0.0086175327802217
1.38893252319681e-07
1.38893252319681e-07
0.00861856826128276
0.00861856826128276
0.00861856826128276
0.00861856826128276
0.00861856826128276
0.00861856826128276
0.00861856826128276
0.00861856826128276
0.00861856826128276
0.00861856826128276
0.00861856826128276
0.00861856826128276
0.00861856826128276
0.00861856826128276
0.00861856826128276
0.00861856826128276
0.00861856826128276
0.00861860659990971
0.00861860659990971
0.00861860659990971
0.00861860659990971
1.38893252319681e-07
0.00861856826128276
0.00861856826128276
0.00861856826128276
0.00861856826128276
0.00861856826128276
0.00861856826128276
0.00861856826128276
0.00861856826128276
0.00861856826128276
0.00861856826128276
0.00861856826128276
0.00861856826128276
0.00861856826128276
0.00861856826128276
0.00861856826128276
0.00861856826128276
0.00861856826128276
0.00861860659990971
0.00861860659990971
0.00861860659990971
0.00861860659990971
0.00861856826128276
0.00861856826128276
0.00861856826128276
0.00861856826128276
0.00861856826128276
0.00861856826128276
0.00861856826128276
0.00861856826128276
0.00861856826128276
0.00861856826128276
0.00861856826128276
0.00861856826128276
0.00861856826128276
0.00861856826128276
0.00861856826128276
0.00861856826128276
0.00861856826128276
0.00861860659990971
0.00861860659990971
0.00861860659990971
0.00861860659990971
1.38893252319681e-07
0.00861856826128276
0.00861856826128276
0.00861856826128276
0.00861856826128276
0.00861856826128276
0.00861856826128276
0.00861856826128276
0.00861856826128276
0.00861856826128276
0.00861856826128276
0.00861856826128276
0.00861856826128276
0.00861856826128276
0.00861856826128276
0.00861856826128276
1.88496819661356e-07
1.88496819661356e-07
0.00861860659990971
0.00861860659990971
0.00861856826128276
0.00861856826128276
0.00861856826128276
0.00861856826128276
0.00861856826128276
0.00861856826128276
0.00861856826128276
0.00861856826128276
0.00861856826128276
0.00861856826128276
0.00861856826128276
0.00861856826128276
0.00861856826128276
0.00861856826128276
0.00861856826128276
1.88496819661356e-07
1.88496819661356e-07
0.00861860659990971
0.00861860659990971
1.38893252319681e-07
0.00861856826128276
0.00861856826128276
0.00861856826128276
0.00861856826128276
0.00861856826128276
0.00861856826128276
0.00861856826128276
0.00861856826128276
0.00861856826128276
0.00861856826128276
0.00861856826128276
0.00861856826128276
0.00861856826128276
0.00861860659990971
0.00861860659990971
1.88496819661356e-07
1.88496819661356e-07
0.00861856826128276
0.00861856826128276
0.00861856826128276
0.00861856826128276
0.00861856826128276
0.00861856826128276
0.00861856826128276
0.00861856826128276
0.00861856826128276
0.00861856826128276
0.00861856826128276
0.00861856826128276
0.00861856826128276
0.00861860659990971
0.00861860659990971
1.88496819661356e-07
1.88496819661356e-07
1.38893252319681e-07
0.00861856826128276
0.00861856826128276
0.00861856826128276
0.00861856826128276
0.00861856826128276
0.00861856826128276
0.00861856826128276
0.00861856826128276
0.00861856826128276
0.00861856826128276
0.00861856826128276
0.00861860659990971
0.00861860659990971
0.00861860659990971
0.00861860659990971
0.00861856826128276
0.00861856826128276
0.00861856826128276
0.00861856826128276
0.00861856826128276
0.00861856826128276
0.00861856826128276
0.00861856826128276
0.00861856826128276
0.00861856826128276
0.00861856826128276
0.00861860659990971
0.00861860659990971
0.00861860659990971
0.00861860659990971
1.38893252319681e-07
0.00861856826128276
0.00861856826128276
0.00861856826128276
0.00861856826128276
0.00861856826128276
0.00861856826128276
0.00861856826128276
0.00861856826128276
0.00861856826128276
0.00861860659990971
0.00861860659990971
0.00861860659990971
0.00861860659990971
0.00861856826128276
0.00861856826128276
0.00861856826128276
0.00861856826128276
0.00861856826128276
0.00861856826128276
0.00861856826128276
0.00861856826128276
0.00861856826128276
0.00861860659990971
0.00861860659990971
0.00861860659990971
0.00861860659990971
1.38893252319681e-07
0.00861856826128276
0.00861856826128276
0.00861856826128276
0.00861856826128276
0.00861856826128276
0.00861856826128276
0.00861856826128276
0.00861860659990971
0.00861860659990971
0.00861860659990971
0.00861860659990971
0.00861856826128276
0.00861856826128276
0.00861856826128276
0.00861856826128276
0.00861856826128276
0.00861856826128276
0.00861856826128276
0.00861860659990971
0.00861860659990971
0.00861860659990971
0.00861860659990971
1.38893252319681e-07
1.38893252319681e-07
0.00861856826128276
0.00861856826128276
0.00861856826128276
0.00861856826128276
0.00861860659990971
0.00861860659990971
0.00861860659990971
0.00861860659990971
1.38893252319681e-07
0.00861856826128276
0.00861856826128276
0.00861856826128276
0.00861856826128276
0.00861860659990971
0.00861860659990971
0.00861860659990971
0.00861860659990971
0.00861856826128276
0.00861856826128276
0.00861856826128276
0.00861856826128276
0.00861860659990971
0.00861860659990971
0.00861860659990971
0.00861860659990971
1.38893252319681e-07
0.00861856826128276
0.00861856826128276
0.00861860659990971
0.00861860659990971
0.00861860659990971
0.00861860659990971
0.00861856826128276
0.00861856826128276
0.00861860659990971
0.00861860659990971
0.00861860659990971
0.00861860659990971
1.38893252319681e-07
0.00861860659990971
0.00861860659990971
0.00861860659990971
0.00861860659990971
0.00861860659990971
0.00861860659990971
0.00861860659990971
0.00861860659990971
1.38890225782217e-07
0.00861864493852572
0.00861864493852572
0.00861864493852572
0.00861864493852572
1.38890225782217e-07